17853
49306
29033
15684
58106
64301
11586
31140
17642
30677
22964
64038
64700
37122
47209
49933
54108
22741
18403
11142
39403
40570
59692
35393
2252
40690
19283
43532
16398
60305
44272
46739
40388
56610
34306
39120
58126
12883
28851
27206
37835
56842
7525
39960
16640
14236
59586
11655
63416
40793
57614
15086
26346
44491
62851
54502
54335
24548
28304
23871
39480
40463
7064
12043
28633
29741
16780
36509
64416
21774
57509
24552
24207
39252
28110
60371
14754
55297
24965
45492
50534
51857
47328
26578
37368
46998
41398
36448
27223
12738
26507
25280
12938
44583
26438
18009
53528
42914
23323
25635
50122
55067
61837
17356
45614
23734
2412
10091
34699
30084
31870
19388
36611
45072
29189
4190
176
12360
19797
30870
757
60773
29141
35632
35148
25191
63728
44066
46748
43032
48725
53814
38417
40505
44830
20728
34753
44359
24600
4492
42777
51877
39334
26059
36291
4849
48159
59166
3968
20919
51424
63303
8024
48817
6754
52196
52808
45079
47889
24392
58355
56011
8057
2375
44148
21818
18162
55966
18494
5225
56914
31736
46455
11363
38164
18620
25199
10826
65104
35772
59460
22197
57078
13039
28763
18253
61776
28141
45216
38659
56849
35587
40604
57483
23664
65195
20878
45079
12341
60282
46385
21236
42378
15115
60152
32401
31198
34226
39771
18595
3782
44230
11740
59300
47737
21667
25002
595
59572
58899
9132
52823
6579
40202
42624
64944
10960
33495
42669
8447
28749
15924
46710
5486
12651
574
19055
47396
61963
55487
48993
9313
30532
12906
31944
14342
43454
23288
51711
26881
57440
54749
39125
17000
60283
5298
62317
25355
37611
41126
32490
32363
31878
3780
36083
43321
27172
43427
1421
32394
62329
1156
24032
16700
50861
62016
16579
21776
48819
2017
16477
22635
57012
46477
11880
58254
21019
35601
46988
55256
47062
50587
53065
6702
14523
17621
59989
13002
41907
23664
5686
17142
10695
9939
41901
64178
28554
27654
24413
9530
52234
26519
38470
14382
30302
42794
21368
17902
34266
29728
9951
17585
27763
13089
13258
51596
37632
30498
28099
58580
2605
12409
36065
33974
40255
1620
62742
44917
45978
3941
14225
39124
16228
28786
63223
25124
55597
62073
24755
37459
11776
6363
33723
40831
5502
14542
2444
24134
15436
18397
1440
47232
64268
42681
5099
38276
5827
55586
3284
36320
7255
35503
30309
35734
22649
15317
11174
19217
6103
43526
42559
18428
37698
19047
61504
47211
22675
47011
40417
4270
65061
39439
46656
9884
52083
38092
10230
29914
49332
1138
8203
33129
131
41639
16512
55090
15685
22537
33972
60505
3778
63779
28304
20334
20264
20016
34003
26580
6204
28243
62060
23228
11589
8185
17827
25038
31615
63353
34114
15166
34010
21808
34625
49426
38576
4927
12485
5863
27439
45856
59374
61104
32720
39657
30280
56905
63607
33548
11162
40251
15607
36481
38455
50202
47434
49785
19504
37318
54923
11823
18951
38555
42837
12711
27739
32474
5324
63834
44013
39956
1331
40666
33732
5583
55595
64062
22794
44054
19616
16224
49397
53050
52035
6913
5072
7998
22877
24937
10861
36719
32894
8071
19917
55183
7807
17436
64914
14386
23722
17809
2338
5061
32528
28036
42882
27936
10504
31443
29531
63517
22053
26685
63734
19573
50856
36638
29795
46963
21978
27906
25531
41507
28690
50891
11720
4031
10205
7798
42352
10092
46474
47088
3991
23884
9582
10204
16524
46456
48760
27429
47478
57396
4101
16776
35295
60811
25028
20185
22481
61427
28414
55358
56850
48603
22049
43632
36403
49447
39426
22238
51149
22064
4776
58557
18722
4558
775
56306
31896
37825
63281
8070
809
34961
1572
63252
7066
43014
64336
24621
8654
54259
24719
58427
34483
49761
29164
48033
4263
40556
29568
40286
33729
53481
26304
49719
43483
15574
41688
1290
4328
179
47698
46615
19633
38047
29370
24270
31791
33361
26672
60749
48120
6073
33414
17564
56301
15236
21096
7864
32631
56371
9933
19080
64168
31550
33949
16217
3247
50664
12096
35965
42624
31104
8247
974
27790
28877
22712
29652
39239
26794
2680
4077
27890
2733
1721
7402
56268
8776
1156
23751
44554
37738
9007
59157
39954
1406
3232
25501
1276
2835
28215
58270
60263
29066
51000
10873
48739
60768
6963
2722
48797
25358
13689
25980
17535
64104
21382
22265
55261
7962
11897
32279
36404
46242
6822
11400
63173
33557
59211
30651
34095
11394
6763
46745
51419
34068
21884
22461
17100
43592
4559
15915
39294
44084
24264
60525
40090
34507
64379
53831
44512
52479
38925
36266
64146
3165
34005
65230
36531
8701
52428
46958
55898
35087
6517
47190
16015
60659
42943
11545
46140
54255
39466
5631
33088
10615
40013
43635
12179
26382
53762
60511
58759
32201
40930
1469
46560
55394
57070
57060
14325
33584
22916
3125
31950
60372
3834
1885
25313
45891
11548
20713
4305
45324
9796
58735
33980
50124
61255
39881
17188
8146
40203
57914
13103
65351
7615
42316
8023
28174
10393
22134
30404
13339
12181
20757
13752
60094
52446
43956
2074
10515
61398
43111
6453
33142
51176
58283
48331
8628
56411
27502
26768
10804
58290
35494
57238
57720
12761
11921
7175
29092
7650
56447
25717
51471
42345
40793
6584
63005
8293
44483
34465
7453
52005
47791
17523
11762
47386
31972
25532
16940
53404
29805
20924
3037
23024
59809
38044
48574
33053
36488
46381
7843
44574
45810
39280
6324
33084
9305
55419
39227
31842
17976
11321
21367
19968
48318
43218
18701
24959
56436
12752
30883
54162
35864
15174
57368
26944
7358
3832
65294
24186
60783
60305
8469
12249
15701
39982
6264
16809
55
57689
27622
99
42726
53307
48705
51938
50805
22961
57572
22724
12278
32436
18917
1611
5456
27555
53727
22089
8328
13554
43808
24877
10315
16351
32739
53695
20581
21808
55813
29488
44450
56552
13577
23765
56488
3280
63324
5274
45211
47710
41470
58893
9075
43004
43541
28511
56519
18228
1778
33674
61156
4641
44201
59401
13160
28671
6181
51333
64186
2041
10673
37572
29339
64415
48701
5171
19012
40233
31512
26641
7139
17907
51994
31836
5755
15515
7065
37883
15932
31080
31717
20740
30320
14368
7811
2497
58844
59762
10614
47574
18024
20746
19953
64848
23091
39270
55382
39213
15435
24763
9194
791
8421
19503
29186
46075
35405
27996
12048
24046
4803
45772
20788
6370
60138
